00000000000000000000000000000000000000000000000000000000000000000000000000000000
00000000000000000000000000000100000000000000000000000000000000000000000000000000
00000000000000000000000000111100001000000000000000000000000000000000000000000000
00000000000000000100000001111000001000000000000000000000000000000000000000000000
00000000000000001010000001001000000000110000000000000000000000000000000000000000
00000000000000010001100001111000000000110000000000000000000000000000000000000000
00001100000000010001100000111100000000000000000000000000000000000000000000000000
00001100000000010001100000000100000000000000000000000000000000000000000000000000
00000000000000001010000000000000000000000000000000000000000000000000000000000000
00000000000000000100000000000000000000000000000000000000000000000000000000000000
00000000000000000000000000000000000000000000000000000000000000000000000000000000
00000000000000000000000000000000000000000000000000000000000000000000000000000000
00000000000000000000000000000000000000000000000000000000000000000000000000000000
00000000000000000000000000000000000000000000000000000000000000000000000000000000
00000000000000000000000000000000000000000000000000000000000000000000000000000000
00000000000000000000000000000000000000000000000000000000000000000000000000000000
00000000000000000000000000000000000000000000000000000000000000000000000000000000
00000000000000000000000000110000000000000000000000000000000000000000000000000000
00000000000000000000000000110001000000000000000000000000000000000000000000000000
00000000000000000000000000000010100000000000000000000000000000000000000000000000
00000000000000000000000000000001010000000000000000000000000000000000000000000000
00000000000000000000000000000000010000000000000000000000000000000000000000000000
00000000000000000000000000000000011000000000000000000000000000000000000000000000
00000000000000000000000000000000000000000000000000000000000000000000000000000000
00000000000000000000000000000000000000000000000000000000000000000000000000000000